,Sensor 2,Sensor 4
0,57,278
1,62,282
2,61,284
3,70,280
4,70,274
5,68,275
6,68,282
7,61,285
8,60,285
9,67,273
10,69,279
11,174,338
12,267,378
13,264,405
14,394,436
15,415,432
16,447,444
17,571,474
18,566,485
19,567,482
20,567,480
21,566,477
22,565,474
23,551,454
24,533,434
25,513,409
26,495,395
27,485,385
28,471,384
29,434,370
30,389,344
31,377,365
32,362,358
33,377,375
34,350,377
35,291,346
36,247,337
37,199,320
38,268,380
39,343,432
40,417,489
41,493,545
42,502,546
43,509,549
44,514,556
45,520,557
46,524,561
47,529,565
48,531,562
49,532,561
50,526,541
51,503,503
52,475,460
53,449,418
54,430,392
55,427,384
56,431,385
57,433,389
58,435,392
59,430,392
60,425,393
61,423,388
62,420,386
63,416,382
64,405,374
65,387,369
66,370,362
67,360,358
68,359,357
69,363,358
70,370,362
71,376,365
72,377,367
73,379,367
74,377,366
75,377,369
76,378,367
77,377,366
78,381,367
79,389,361
80,399,365
81,415,375
82,331,316
83,346,352
84,393,391
85,433,425
86,566,518
87,569,505
88,540,515
89,539,518
90,544,547
91,579,589
92,607,597
93,611,613
94,613,615
95,611,615
96,612,620
97,606,620
98,608,618
99,609,618
100,609,620
101,616,620
102,617,619
103,613,620
104,619,615
105,618,619
106,617,619
107,619,617
108,618,618
109,619,614
110,622,618
111,600,621
112,518,587
113,437,545
114,352,504
